$ 1 0.000005 32.755850052045055 50 5 43 5e-11
165 144 256 320 256 6 0
v 448 384 448 256 0 0 40 12 0 0 0.5
g 352 528 352 560 0 0
w 240 416 240 528 0
w 240 528 304 528 0
w 352 528 400 528 0
w 448 528 448 384 2
w 448 256 448 128 2
w 448 128 400 128 0
w 208 128 208 224 2
w 400 528 448 528 0
w 272 320 304 320 0
w 304 288 272 288 0
w 400 128 336 128 0
c 48 464 48 528 0 0.000009999999999999999 6.676968002078321 0.001
r 48 352 48 288 0 1000
w 304 320 304 416 0
w 336 128 208 128 0
w 208 128 112 128 2
w 112 128 48 128 0
w 48 384 48 464 0
w 48 352 48 384 2
w 208 448 208 416 2
d 48 384 144 384 2 default
d 48 352 144 352 2 default
c 208 480 208 512 0 1e-8 7.9999999999999964 0.001
w 208 448 208 480 0
L 304 288 368 288 0 0 true 0 12
r 48 128 48 288 0 1000
w 208 512 208 528 0
w 208 528 240 528 0
w 144 288 48 288 2
w 48 288 0 288 0
d 0 288 0 352 2 default
w 0 352 48 352 0
w 48 528 208 528 0
w 304 528 352 528 0
164 592 416 640 416 0 4 0 0 5 0 false 0
w 304 416 592 416 0
197 848 416 960 416 0
157 976 416 1040 416 0 7 0 0
w 976 544 1040 544 0
w 976 576 1072 576 0
w 1072 576 1072 544 0
w 976 608 1104 608 0
w 1104 608 1104 544 0
w 688 512 848 512 0
w 688 480 848 480 0
w 688 448 848 448 0
w 688 416 848 416 0
o 16 64 0 4099 20 0.00009765625 0 2 16 3
