$ 1 0.000005 0.11331484530668263 50 5 43 5e-11
154 0 992 96 992 0 2 0 5
150 0 896 96 896 0 2 0 5
150 0 688 96 688 0 2 0 5
154 0 784 96 784 0 2 0 5
154 192 880 288 880 0 2 0 5
150 192 784 288 784 0 2 0 5
154 336 672 432 672 0 2 0 5
R -304 1008 -368 1008 0 0 40 5 0 0 0.5
R -304 960 -368 960 0 0 40 5 0 0 0.5
R -304 864 -368 864 0 0 40 5 0 0 0.5
R -304 912 -368 912 0 0 40 5 0 0 0.5
R -304 608 -368 608 0 0 40 5 0 0 0.5
R -304 560 -368 560 0 0 40 5 0 0 0.5
R -304 656 -368 656 0 0 40 5 0 0 0.5
R -304 704 -368 704 0 0 40 5 0 0 0.5
s -256 1008 -160 1008 0 1 false
s -256 960 -160 960 0 1 false
s -256 864 -160 864 0 1 false
s -256 912 -160 912 0 1 false
s -256 608 -160 608 0 1 false
s -256 560 -160 560 0 1 false
s -256 656 -160 656 0 1 false
s -256 704 -160 704 0 1 false
162 592 464 672 464 2 default-led 1 0 0 0.01
162 592 672 672 672 2 default-led 1 0 0 0.01
162 592 880 672 880 2 default-led 1 0 0 0.01
162 592 992 672 992 2 default-led 1 0 0 0.01
162 592 256 672 256 2 default-led 1 0 0 0.01
w -112 1008 0 1008 0
w -160 704 -96 704 0
w -96 880 -96 976 0
w -96 976 0 976 0
w -160 1008 -112 1008 0
w -112 1008 -112 912 0
w -112 912 0 912 0
w -160 960 -64 960 0
w -64 960 -64 800 0
w -64 800 0 800 0
w -160 656 -64 656 0
w -64 704 0 704 0
w -48 656 -48 672 0
w -48 672 0 672 0
w 112 992 592 992 0
g 752 1120 752 1152 0 0
w 752 992 752 1056 0
w 112 896 192 896 0
w 112 800 112 864 0
w 112 864 192 864 0
w 304 880 592 880 0
w 112 896 128 896 0
w 112 768 192 768 0
r 752 1056 752 1120 0 1000
w 128 800 192 800 0
w -96 880 0 880 0
w -64 656 -48 656 0
w -48 768 0 768 0
d 96 688 112 688 2 default
d 96 784 112 784 2 default
d 96 896 112 896 2 default
d 96 992 112 992 2 default
d 288 880 304 880 2 default
d 288 784 304 784 2 default
w -160 912 -144 912 0
w -144 912 -144 592 0
154 0 576 96 576 0 2 0 5
d 96 576 112 576 2 default
w -144 592 0 592 0
w -160 608 -128 608 0
w -128 608 -128 560 0
w -128 560 0 560 0
d 96 480 112 480 2 default
150 0 480 96 480 0 2 0 5
w -144 592 -144 496 0
w -144 496 0 496 0
w -128 560 -128 464 0
w -128 464 0 464 0
d 432 672 448 672 2 default
w 448 672 592 672 0
d 432 576 448 576 2 default
150 336 576 432 576 0 2 0 5
w 112 784 112 768 0
w 112 784 112 800 0
w 112 688 304 688 0
w 304 688 336 688 0
w 112 656 336 656 0
w 304 688 304 672 0
w 112 576 112 656 0
w 112 560 336 560 0
w 112 576 112 560 0
w 304 672 304 592 0
w 304 592 336 592 0
150 0 272 96 272 0 2 0 5
154 0 368 96 368 0 2 0 5
w -160 560 -160 352 0
w -160 352 0 352 0
w -160 352 -160 256 0
w -160 256 0 256 0
w -160 864 -112 864 0
w -112 864 -112 384 0
w -112 384 0 384 0
w -112 384 -112 288 0
w -112 288 0 288 0
150 480 368 576 368 0 2 0 5
d 576 368 592 368 2 default
d 576 464 592 464 2 default
154 480 464 576 464 0 2 0 5
w 448 480 448 464 0
w 448 480 480 480 0
w 112 480 448 480 0
w 112 368 112 448 0
w 112 448 480 448 0
w 448 464 448 384 0
w 448 384 480 384 0
w 112 368 112 352 0
w 112 352 480 352 0
w 112 272 112 256 0
w 112 256 592 256 0
r -304 560 -256 560 0 1000
r -304 608 -256 608 0 1000
r -304 656 -256 656 0 1000
r -304 704 -256 704 0 1000
r -304 1008 -256 1008 0 1000
r -304 960 -256 960 0 1000
r -304 912 -256 912 0 1000
r -304 864 -256 864 0 1000
g 816 1120 816 1152 0 0
g 880 1120 880 1152 0 0
g 944 1120 944 1152 0 0
w 752 880 816 880 0
w 752 672 880 672 0
w 752 464 944 464 0
g 1008 1120 1008 1152 0 0
w 752 256 1008 256 0
r 816 1120 816 1056 0 1000
r 880 1120 880 1056 0 1000
r 944 1120 944 1056 0 1000
r 1008 1120 1008 1056 0 1000
w 1008 1056 1008 256 0
w 944 464 944 1056 0
w 880 1056 880 672 0
w 816 880 816 1056 0
370 672 256 752 256 1 0 0
370 672 464 752 464 1 0 0
370 672 672 752 672 1 0 0
370 672 880 752 880 1 0 0
370 672 992 752 992 1 0 0
d 96 272 112 272 2 default
d 96 368 112 368 2 default
w 128 896 128 800 0
w 304 784 304 688 0
w 448 576 448 480 0
w 592 368 592 256 0
w -96 704 -96 880 0
w -48 672 -48 768 0
w -64 800 -64 704 0
