$ 1 0.000005 382.76258214399064 50 5 50 5e-11
168 736 224 816 224 2 4 0 0 0 0
185 752 2336 1296 2336 7168 4
168 736 448 816 448 2 4 0 0 0 0
168 736 672 816 672 2 4 0 0 0 0
168 736 896 832 896 2 4 0 0 0 0
168 736 1792 832 1792 2 4 0 0 0 0
168 736 1568 816 1568 2 4 0 0 0 0
168 736 1344 816 1344 2 4 0 0 0 0
168 736 1120 816 1120 2 4 0 0 0 0
150 576 1952 672 1952 0 2 0 5
w 672 1952 672 1920 0
w 672 1920 736 1920 0
w 672 1696 736 1696 0
w 672 1728 672 1696 0
150 576 1728 672 1728 0 2 0 5
150 576 1280 672 1280 0 2 0 5
w 672 1280 672 1248 0
w 672 1248 736 1248 0
w 672 1472 736 1472 0
w 672 1504 672 1472 0
150 576 1504 672 1504 0 2 0 5
150 576 608 672 608 0 2 0 5
w 672 608 672 576 0
w 672 576 736 576 0
w 672 352 736 352 0
w 672 384 672 352 0
150 576 384 672 384 0 2 0 5
150 576 832 672 832 0 2 0 5
w 672 832 672 800 0
w 672 800 736 800 0
w 672 1024 736 1024 0
w 672 1056 672 1024 0
150 576 1056 672 1056 0 2 0 5
150 1504 1056 1600 1056 0 2 0 5
w 1600 1056 1600 1024 0
w 1600 1024 1664 1024 0
w 1600 800 1664 800 0
w 1600 832 1600 800 0
150 1504 832 1600 832 0 2 0 5
150 1504 384 1600 384 0 2 0 5
w 1600 384 1600 352 0
w 1600 352 1664 352 0
w 1600 576 1664 576 0
w 1600 608 1600 576 0
150 1504 608 1600 608 0 2 0 5
150 1504 1504 1600 1504 0 2 0 5
w 1600 1504 1600 1472 0
w 1600 1472 1664 1472 0
w 1600 1248 1664 1248 0
w 1600 1280 1600 1248 0
150 1504 1280 1600 1280 0 2 0 5
150 1504 1728 1600 1728 0 2 0 5
w 1600 1728 1600 1696 0
w 1600 1696 1664 1696 0
w 1600 1920 1664 1920 0
w 1600 1952 1600 1920 0
150 1504 1952 1600 1952 0 2 0 5
168 1664 1120 1744 1120 2 4 0 0 0 0
168 1664 1344 1744 1344 2 4 0 0 0 0
168 1664 1568 1744 1568 2 4 0 0 0 0
168 1664 1792 1760 1792 2 4 0 0 0 0
168 1664 896 1760 896 2 4 0 0 0 0
168 1664 672 1744 672 2 4 0 0 0 0
168 1664 448 1744 448 2 4 0 0 0 0
168 1664 224 1744 224 2 4 0 0 0 0
L 1296 2496 1296 2560 0 1 false 5 0
w 1424 2224 1424 1968 0
w 1424 1968 1504 1968 0
w 1392 2208 1392 1744 0
w 1392 1744 1504 1744 0
w 1360 2192 1360 1520 0
w 1360 1520 1504 1520 0
w 1328 2176 1328 1296 0
w 1504 1296 1328 1296 0
w 1296 2160 1296 1072 0
w 1504 1072 1296 1072 0
w 1200 2112 1200 400 0
w 1264 2144 1264 848 0
w 1264 848 1504 848 0
w 1504 624 1232 624 0
w 1232 624 1232 2128 0
w 1200 400 1504 400 0
w 272 400 576 400 0
w 304 624 304 2208 0
w 576 624 304 624 0
w 336 848 576 848 0
w 336 2192 336 848 0
w 272 2224 272 400 0
w 576 1072 368 1072 0
w 368 2176 368 1072 0
w 576 1296 400 1296 0
w 400 2160 400 1296 0
w 432 1520 576 1520 0
w 432 2144 432 1520 0
w 464 1744 576 1744 0
w 464 2128 464 1744 0
w 496 1968 576 1968 0
w 496 2112 496 1968 0
w 496 2112 1040 2112 0
w 1040 2112 1040 2304 0
w 1008 2304 1008 2128 0
w 1008 2128 464 2128 0
w 432 2144 976 2144 0
w 976 2144 976 2304 0
w 944 2304 944 2160 0
w 944 2160 400 2160 0
w 368 2176 912 2176 0
w 912 2176 912 2304 0
w 880 2304 880 2192 0
w 880 2192 336 2192 0
w 304 2208 848 2208 0
w 848 2208 848 2304 0
w 816 2304 816 2224 0
w 816 2224 272 2224 0
w 544 2064 544 1936 0
w 544 1936 544 1712 0
w 544 1712 544 1488 0
w 544 1488 544 1264 0
w 544 1264 544 1040 0
w 544 1040 544 816 0
w 544 816 544 592 0
w 544 592 544 368 0
w 576 368 544 368 0
w 576 592 544 592 0
w 544 816 576 816 0
w 544 1040 576 1040 0
w 544 1264 576 1264 0
w 544 1488 576 1488 0
w 544 1712 576 1712 0
w 544 1936 576 1936 0
w 1504 368 1472 368 0
w 1472 368 1472 592 0
w 1472 592 1472 816 0
w 1472 816 1472 1040 0
w 1472 1040 1472 1264 0
w 1472 1264 1472 1488 0
w 1472 1488 1472 1712 0
w 1472 1712 1472 1936 0
w 1472 1936 1472 2064 0
w 1504 1936 1472 1936 0
w 1472 1712 1504 1712 0
w 1504 1488 1472 1488 0
w 1504 1264 1472 1264 0
w 1504 1040 1472 1040 0
w 1504 816 1472 816 0
w 1504 592 1472 592 0
w 1664 1792 1152 1792 0
w 1664 1824 1136 1824 0
w 1664 1856 1120 1856 0
w 1664 1888 1104 1888 0
w 1104 1664 1104 1888 0
w 1120 1856 1120 1632 0
w 1136 1824 1136 1600 0
w 1152 1792 1152 1568 0
w 1152 1568 1152 1344 0
w 1136 1600 1136 1376 0
w 1120 1632 1120 1408 0
w 1104 1440 1104 1664 0
w 1664 1664 1104 1664 0
w 1664 1632 1120 1632 0
w 1664 1600 1136 1600 0
w 1664 1568 1152 1568 0
w 1664 1120 1152 1120 0
w 1664 1152 1136 1152 0
w 1664 1184 1120 1184 0
w 1664 1216 1104 1216 0
w 1104 992 1104 1216 0
w 1120 1184 1120 960 0
w 1136 1152 1136 928 0
w 1152 1120 1152 896 0
w 1152 1344 1152 1120 0
w 1136 1376 1136 1152 0
w 1120 1408 1120 1184 0
w 1104 1216 1104 1440 0
w 1664 1440 1104 1440 0
w 1664 1408 1120 1408 0
w 1664 1376 1136 1376 0
w 1664 1344 1152 1344 0
w 1664 448 1152 448 0
w 1664 480 1136 480 0
w 1664 512 1120 512 0
w 1664 544 1104 544 0
w 1104 320 1104 544 0
w 1120 512 1120 288 0
w 1136 480 1136 256 0
w 1152 448 1152 224 0
w 1152 224 1152 128 0
w 1136 256 1136 144 0
w 1120 288 1120 160 0
w 1104 176 1104 320 0
w 1664 320 1104 320 0
w 1664 288 1120 288 0
w 1664 256 1136 256 0
w 1664 224 1152 224 0
w 1664 672 1152 672 0
w 1664 704 1136 704 0
w 1664 736 1120 736 0
w 1664 768 1104 768 0
w 1104 544 1104 768 0
w 1120 736 1120 512 0
w 1136 704 1136 480 0
w 1152 672 1152 448 0
w 1152 896 1152 672 0
w 1136 928 1136 704 0
w 1120 960 1120 736 0
w 1104 768 1104 992 0
w 1664 992 1104 992 0
w 1664 960 1120 960 0
w 1664 928 1136 928 0
w 1664 896 1152 896 0
w 736 896 224 896 0
w 736 928 208 928 0
w 736 960 192 960 0
w 736 992 176 992 0
w 176 768 176 992 0
w 192 960 192 736 0
w 208 928 208 704 0
w 224 896 224 672 0
w 224 672 224 448 0
w 208 704 208 480 0
w 192 736 192 512 0
w 176 544 176 768 0
w 736 768 176 768 0
w 736 736 192 736 0
w 736 704 208 704 0
w 736 672 224 672 0
w 736 224 224 224 0
w 736 256 208 256 0
w 736 288 192 288 0
w 736 320 176 320 0
w 176 176 176 320 0
w 192 288 192 160 0
w 208 256 208 144 0
w 224 224 224 128 0
w 224 448 224 224 0
w 208 480 208 256 0
w 192 512 192 288 0
w 176 320 176 544 0
w 736 544 176 544 0
w 736 512 192 512 0
w 736 480 208 480 0
w 736 448 224 448 0
w 736 1344 224 1344 0
w 736 1376 208 1376 0
w 736 1408 192 1408 0
w 736 1440 176 1440 0
w 176 1216 176 1440 0
w 192 1408 192 1184 0
w 208 1376 208 1152 0
w 224 1344 224 1120 0
w 224 1120 224 896 0
w 208 1152 208 928 0
w 192 1184 192 960 0
w 176 992 176 1216 0
w 736 1216 176 1216 0
w 736 1184 192 1184 0
w 736 1152 208 1152 0
w 736 1120 224 1120 0
w 736 1568 224 1568 0
w 736 1600 208 1600 0
w 736 1632 192 1632 0
w 736 1664 176 1664 0
w 176 1440 176 1664 0
w 192 1632 192 1408 0
w 208 1600 208 1376 0
w 224 1568 224 1344 0
w 224 1792 224 1568 0
w 208 1824 208 1600 0
w 192 1856 192 1632 0
w 176 1664 176 1888 0
w 736 1888 176 1888 0
w 736 1856 192 1856 0
w 736 1824 208 1824 0
w 736 1792 224 1792 0
w 224 128 1152 128 0
w 208 144 1136 144 0
w 1120 160 192 160 0
w 176 176 1104 176 0
w 1024 1792 1024 1568 0
w 1008 1824 1008 1600 0
w 992 1856 992 1632 0
w 976 1888 976 1664 0
w 976 1664 976 1440 0
w 992 1632 992 1408 0
w 1008 1600 1008 1376 0
w 1024 1568 1024 1344 0
w 1024 1120 1024 896 0
w 1008 1152 1008 928 0
w 992 1184 992 960 0
w 976 1216 976 992 0
w 976 1440 976 1216 0
w 992 1408 992 1184 0
w 1008 1376 1008 1152 0
w 1024 1344 1024 1120 0
w 1024 448 1024 224 0
w 1008 480 1008 256 0
w 992 512 992 288 0
w 976 544 976 320 0
w 976 320 976 112 0
w 992 288 992 96 0
w 1008 256 1008 80 0
w 1024 224 1024 64 0
w 1024 672 1024 448 0
w 1008 704 1008 480 0
w 992 736 992 512 0
w 976 768 976 544 0
w 976 992 976 768 0
w 992 960 992 736 0
w 1008 928 1008 704 0
w 1024 896 1024 672 0
w 1952 896 1952 672 0
w 1936 928 1936 704 0
w 1920 960 1920 736 0
w 1904 992 1904 768 0
w 1904 768 1904 544 0
w 1920 736 1920 512 0
w 1936 704 1936 480 0
w 1952 672 1952 448 0
w 1952 224 1952 64 0
w 1936 256 1936 80 0
w 1920 288 1920 96 0
w 1904 320 1904 112 0
w 1904 544 1904 320 0
w 1920 512 1920 288 0
w 1936 480 1936 256 0
w 1952 448 1952 224 0
w 1952 1344 1952 1120 0
w 1936 1376 1936 1152 0
w 1920 1408 1920 1184 0
w 1904 1440 1904 1216 0
w 1904 1216 1904 992 0
w 1920 1184 1920 960 0
w 1936 1152 1936 928 0
w 1952 1120 1952 896 0
w 1952 1568 1952 1344 0
w 1936 1600 1936 1376 0
w 1920 1632 1920 1408 0
w 1904 1664 1904 1440 0
w 1904 1888 1904 1664 0
w 1920 1856 1920 1632 0
w 1936 1824 1936 1600 0
w 1952 1792 1952 1568 0
w 976 112 1904 112 0
w 992 96 1920 96 0
w 1936 80 1008 80 0
w 1024 64 1952 64 0
164 256 2528 400 2528 6144 4 0 0 0 0 false 0
R 432 2800 432 2848 1 2 5000 2.5 2.5 0 0.5
w 384 2464 672 2464 0
w 752 2432 640 2432 0
w 320 2400 608 2400 0
w 752 2368 576 2368 0
413 -96 192 128 192 0 4 4 0 3 1 2 0 4 3 1 9 2 5 0 6 2 15 11 -1 -2
L -96 192 -160 192 0 1 false 5 0
w 0 256 208 256 0
w 0 288 192 288 0
w 0 320 176 320 0
w 0 224 224 224 0
w 384 2464 -96 2464 0
w -96 320 -96 2464 0
w -96 288 -112 288 0
w -112 288 -112 2432 0
w -96 256 -128 256 0
w -96 224 -144 224 0
w -144 224 -144 2368 0
w -128 256 -128 2400 0
w 352 2432 -112 2432 0
w 320 2400 -128 2400 0
w 288 2368 -144 2368 0
d 960 1888 976 1888 2 default
d 960 1856 992 1856 2 default
d 960 1824 1008 1824 2 default
d 960 1792 1024 1792 2 default
d 960 1664 976 1664 2 default
d 960 1632 992 1632 2 default
d 960 1600 1008 1600 2 default
d 960 1568 1024 1568 2 default
w 1120 1824 1120 1632 0
d 960 1120 1024 1120 2 default
d 960 1152 1008 1152 2 default
d 960 1184 992 1184 2 default
d 960 1216 976 1216 2 default
d 960 1344 1024 1344 2 default
d 960 1376 1008 1376 2 default
d 960 1408 992 1408 2 default
d 960 1440 976 1440 2 default
d 960 672 1024 672 2 default
d 960 704 1008 704 2 default
d 960 736 992 736 2 default
d 960 768 976 768 2 default
d 960 896 1024 896 2 default
d 960 928 1008 928 2 default
d 960 960 992 960 2 default
d 960 992 976 992 2 default
d 960 224 1024 224 2 default
d 960 256 1008 256 2 default
d 960 288 992 288 2 default
d 960 320 976 320 2 default
d 960 448 1024 448 2 default
d 960 480 1008 480 2 default
d 960 512 992 512 2 default
d 960 544 976 544 2 default
d 1888 544 1904 544 2 default
d 1888 512 1920 512 2 default
d 1888 480 1936 480 2 default
d 1888 448 1952 448 2 default
d 1888 320 1904 320 2 default
d 1888 288 1920 288 2 default
d 1888 256 1936 256 2 default
d 1888 224 1952 224 2 default
d 1888 992 1904 992 2 default
d 1888 960 1920 960 2 default
d 1888 928 1936 928 2 default
d 1888 896 1952 896 2 default
d 1888 768 1904 768 2 default
d 1888 736 1920 736 2 default
d 1888 704 1936 704 2 default
d 1888 672 1952 672 2 default
d 1888 1440 1904 1440 2 default
d 1888 1408 1920 1408 2 default
d 1888 1376 1936 1376 2 default
d 1888 1344 1952 1344 2 default
d 1888 1216 1904 1216 2 default
d 1888 1184 1920 1184 2 default
d 1888 1152 1936 1152 2 default
d 1888 1120 1952 1120 2 default
d 1888 1568 1952 1568 2 default
d 1888 1600 1936 1600 2 default
d 1888 1632 1920 1632 2 default
d 1888 1664 1904 1664 2 default
d 1888 1792 1952 1792 2 default
d 1888 1824 1936 1824 2 default
d 1888 1856 1920 1856 2 default
d 1888 1888 1904 1888 2 default
. QuadTriStateBuffer 0 3 4 9 A0 115 0 2 A1 119 1 2 A2 122 2 2 A3 125 3 2 Q0 116 0 3 Q1 120 1 3 Q2 123 2 3 Q3 126 3 3 S 117 1 1 TriStateElm\s115\s116\s117\rTriStateElm\s119\s120\s117\rTriStateElm\s122\s123\s117\rTriStateElm\s125\s126\s117 0\\s0.1\\s10000000000\\s100000000\s0\\s0.1\\s10000000000\\s100000000\s0\\s0.1\\s10000000000\\s100000000\s0\\s0.1\\s10000000000\\s100000000
410 1760 224 1952 224 1 QuadTriStateBuffer 0\s0.1\s10000000000\s100000000 0\s0.1\s10000000000\s100000000 0\s0.1\s10000000000\s100000000 0\s0.1\s10000000000\s100000000
410 1760 448 1952 448 1 QuadTriStateBuffer 0\s0.1\s10000000000\s100000000 0\s0.1\s10000000000\s100000000 0\s0.1\s10000000000\s100000000 0\s0.1\s10000000000\s100000000
410 1760 896 1952 896 1 QuadTriStateBuffer 0\s0.1\s10000000000\s100000000 0\s0.1\s10000000000\s100000000 0\s0.1\s10000000000\s100000000 0\s0.1\s10000000000\s100000000
410 1760 672 1952 672 1 QuadTriStateBuffer 0\s0.1\s10000000000\s100000000 0\s0.1\s10000000000\s100000000 0\s0.1\s10000000000\s100000000 0\s0.1\s10000000000\s100000000
410 1760 1568 1952 1568 1 QuadTriStateBuffer 0\s0.1\s10000000000\s100000000 0\s0.1\s10000000000\s100000000 0\s0.1\s10000000000\s100000000 0\s0.1\s10000000000\s100000000
410 1760 1792 1952 1792 1 QuadTriStateBuffer 0\s0.1\s10000000000\s100000000 0\s0.1\s10000000000\s100000000 0\s0.1\s10000000000\s100000000 0\s0.1\s10000000000\s100000000
410 1760 1344 1952 1344 1 QuadTriStateBuffer 0\s0.1\s10000000000\s100000000 0\s0.1\s10000000000\s100000000 0\s0.1\s10000000000\s100000000 0\s0.1\s10000000000\s100000000
410 1760 1120 1952 1120 1 QuadTriStateBuffer 0\s0.1\s10000000000\s100000000 0\s0.1\s10000000000\s100000000 0\s0.1\s10000000000\s100000000 0\s0.1\s10000000000\s100000000
410 832 1120 1024 1120 1 QuadTriStateBuffer 0\s0.1\s10000000000\s100000000 0\s0.1\s10000000000\s100000000 0\s0.1\s10000000000\s100000000 0\s0.1\s10000000000\s100000000
410 832 1344 1024 1344 1 QuadTriStateBuffer 0\s0.1\s10000000000\s100000000 0\s0.1\s10000000000\s100000000 0\s0.1\s10000000000\s100000000 0\s0.1\s10000000000\s100000000
410 832 1792 1024 1792 1 QuadTriStateBuffer 0\s0.1\s10000000000\s100000000 0\s0.1\s10000000000\s100000000 0\s0.1\s10000000000\s100000000 0\s0.1\s10000000000\s100000000
410 832 1568 1024 1568 1 QuadTriStateBuffer 0\s0.1\s10000000000\s100000000 0\s0.1\s10000000000\s100000000 0\s0.1\s10000000000\s100000000 0\s0.1\s10000000000\s100000000
410 832 672 1024 672 1 QuadTriStateBuffer 0\s0.1\s10000000000\s100000000 0\s0.1\s10000000000\s100000000 0\s0.1\s10000000000\s100000000 0\s0.1\s10000000000\s100000000
410 832 896 1024 896 1 QuadTriStateBuffer 0\s0.1\s10000000000\s100000000 0\s0.1\s10000000000\s100000000 0\s0.1\s10000000000\s100000000 0\s0.1\s10000000000\s100000000
410 832 448 1024 448 1 QuadTriStateBuffer 0\s0.1\s10000000000\s100000000 0\s0.1\s10000000000\s100000000 0\s0.1\s10000000000\s100000000 0\s0.1\s10000000000\s100000000
410 832 224 1024 224 1 QuadTriStateBuffer 0\s0.1\s10000000000\s100000000 0\s0.1\s10000000000\s100000000 0\s0.1\s10000000000\s100000000 0\s0.1\s10000000000\s100000000
w 1200 2112 1072 2112 0
w 1072 2112 1072 2304 0
w 1104 2304 1104 2128 0
w 1104 2128 1232 2128 0
w 1264 2144 1136 2144 0
w 1136 2144 1136 2304 0
w 1168 2304 1168 2160 0
w 1168 2160 1296 2160 0
w 1328 2176 1200 2176 0
w 1200 2176 1200 2304 0
w 1232 2304 1232 2192 0
w 1232 2192 1360 2192 0
w 1392 2208 1264 2208 0
w 1264 2208 1264 2304 0
w 1296 2304 1296 2224 0
w 1296 2224 1424 2224 0
w 1504 1968 1504 2000 0
w 1504 2000 1648 2000 0
w 1824 1984 1824 1920 0
w 1824 1760 1824 1696 0
w 1504 1776 1648 1776 0
w 1504 1744 1504 1776 0
w 1824 1760 1648 1760 0
w 1648 1760 1648 1776 0
w 1648 1984 1824 1984 0
w 1648 2000 1648 1984 0
w 1648 1552 1648 1536 0
w 1648 1536 1824 1536 0
w 1824 1536 1824 1472 0
w 1504 1552 1648 1552 0
w 1504 1520 1504 1552 0
w 1648 1328 1648 1312 0
w 1648 1312 1824 1312 0
w 1824 1312 1824 1248 0
w 1504 1328 1648 1328 0
w 1504 1296 1504 1328 0
w 1648 1104 1648 1088 0
w 1648 1088 1824 1088 0
w 1824 1088 1824 1024 0
w 1504 1104 1648 1104 0
w 1504 1072 1504 1104 0
w 1648 880 1648 864 0
w 1648 864 1824 864 0
w 1824 864 1824 800 0
w 1504 880 1648 880 0
w 1504 848 1504 880 0
w 1648 656 1648 640 0
w 1648 640 1824 640 0
w 1824 640 1824 576 0
w 1504 656 1648 656 0
w 1504 624 1504 656 0
w 1648 432 1648 416 0
w 1648 416 1824 416 0
w 1824 416 1824 352 0
w 1504 432 1648 432 0
w 1504 400 1504 432 0
w 720 432 720 416 0
w 720 416 896 416 0
w 896 416 896 352 0
w 576 432 720 432 0
w 576 400 576 432 0
w 720 656 720 640 0
w 720 640 896 640 0
w 896 640 896 576 0
w 576 656 720 656 0
w 576 624 576 656 0
w 720 880 720 864 0
w 720 864 896 864 0
w 896 864 896 800 0
w 576 880 720 880 0
w 576 848 576 880 0
w 720 1104 720 1088 0
w 720 1088 896 1088 0
w 896 1088 896 1024 0
w 576 1104 720 1104 0
w 576 1072 576 1104 0
w 720 1328 720 1312 0
w 720 1312 896 1312 0
w 896 1312 896 1248 0
w 576 1328 720 1328 0
w 576 1296 576 1328 0
w 720 1552 720 1536 0
w 720 1536 896 1536 0
w 896 1536 896 1472 0
w 576 1552 720 1552 0
w 576 1520 576 1552 0
w 720 1776 720 1760 0
w 720 1760 896 1760 0
w 896 1760 896 1696 0
w 576 1776 720 1776 0
w 576 1744 576 1776 0
w 720 2000 720 1984 0
w 720 1984 896 1984 0
w 896 1984 896 1920 0
w 576 2000 720 2000 0
w 576 1968 576 2000 0
x -361 64 118 67 4 24 Ram\scontents:\s3\s1\s2\s0\s4\s3\s1\s9\s2\s5\s8\s6\s2\s15\s11
s 432 2800 432 2736 0 1 false
L 384 2592 384 2640 0 0 true 5 0
197 2384 -16 2608 -16 0
157 2512 -16 2656 -16 0 7 0 0
w 2512 112 2576 112 0
w 2512 144 2608 144 0
w 2608 144 2608 112 0
w 2512 176 2640 176 0
w 2640 176 2640 112 0
w 1152 128 2064 128 0
w 1136 144 2048 144 0
w 1120 160 2032 160 0
w 1104 176 2016 176 0
w 1904 112 2128 112 0
w 1920 96 2112 96 0
w 1936 80 2096 80 0
w 1952 64 2080 64 0
w 2080 64 2080 -16 0
w 2080 -16 2304 -16 0
w 2304 16 2096 16 0
w 2096 16 2096 80 0
w 2112 96 2112 48 0
w 2112 48 2304 48 0
w 2128 112 2128 80 0
w 2128 80 2304 80 0
w 2064 128 2064 368 0
w 2048 144 2048 336 0
w 2032 160 2032 304 0
w 2016 176 2016 272 0
410 2384 272 2576 272 1025 QuadTriStateBuffer 0\s0.1\s10000000000\s100000000 0\s0.1\s10000000000\s100000000 0\s0.1\s10000000000\s100000000 0\s0.1\s10000000000\s100000000
185 2752 528 3296 528 1024 2
L 2880 528 2944 528 0 1 false 5 0
L 2816 688 2816 736 0 0 false 5 0
L 2848 688 2848 736 0 0 false 5 0
w 2752 560 2672 560 0
w 2672 560 2672 400 0
w 2672 400 2448 400 0
L 2512 272 2576 272 0 0 false 5 0
L 2512 304 2576 304 0 0 false 5 0
L 2512 336 2576 336 0 0 false 5 0
L 2512 368 2576 368 0 0 false 5 0
w 2320 368 2064 368 0
w 2064 368 2064 1040 0
w 2048 336 2048 1040 0
w 2016 272 2016 1040 0
w 2320 272 2016 272 0
w 2032 304 2032 1040 0
w 2320 304 2032 304 0
w 2320 336 2048 336 0
x 3011 589 3121 592 4 24 Instruction
x 2644 328 2753 331 4 24 Hard\swrite
w 672 2464 752 2464 0
w 640 2432 352 2432 0
w 608 2400 752 2400 0
w 576 2368 288 2368 0
L 672 2528 672 2576 2 0 false 5 0
L 640 2528 640 2576 2 1 false 5 0
L 608 2528 608 2576 2 0 false 5 0
L 576 2528 576 2576 2 0 false 5 0
d 2384 368 2320 368 2 default
d 2384 336 2320 336 2 default
d 2384 304 2320 304 2 default
d 2384 272 2320 272 2 default
d 2304 -16 2384 -16 2 default
d 2304 16 2384 16 2 default
d 2304 48 2384 48 2 default
d 2304 80 2384 80 2 default
d 672 2528 672 2464 2 default
d 640 2528 640 2432 2 default
d 608 2528 608 2400 2 default
d 576 2528 576 2368 2 default
d 384 2496 384 2464 2 default
d 352 2496 352 2432 2 default
d 320 2496 320 2400 2 default
d 288 2496 288 2368 2 default
w 1472 2064 544 2064 0
w 544 2064 528 2064 0
w 528 2064 528 2688 0
w 528 2688 432 2688 0
w 432 2688 288 2688 0
w 288 2688 288 2592 0
L 528 2736 528 2832 0 0 true 5 0
d 528 2736 528 2688 2 default
d 432 2736 432 2688 2 default
L 0 192 64 192 0 0 false 5 0
o 347 2 0 4099 5 0.00009765625 0 2 347 3
