$ 1 0.000005 10.20027730826997 40 5 43 5e-11
R 256 96 256 16 0 0 40 5 0 0 0.5
g 256 416 256 432 0 0
w 256 96 160 96 0
w 160 96 160 128 0
r 160 128 160 192 0 1000
w 160 192 160 256 0
t 128 272 160 272 0 1 -4.780335197046519 0.21966430515929117 100 default
w 256 96 352 96 0
w 352 96 352 128 0
r 352 128 352 160 0 1000
w 352 160 352 224 0
t 320 240 352 240 0 1 0.5648362945843695 0.639819540914732 100 default
w 352 256 352 352 0
w 256 352 256 416 0
w 160 288 160 352 0
370 160 352 256 352 1 0 0
370 352 352 256 352 1 0 0
s 48 272 128 272 0 1 true
R -32 272 -112 272 0 0 40 1 0 0 0.5
r -32 272 48 272 0 1000
I 240 240 272 240 0 0.5 1
w 192 240 128 240 0
w 128 240 128 272 0
r 272 240 320 240 0 1000
g 576 288 576 304 0 0
t 544 224 576 224 0 1 -2.6621952076226285 0.20493876755681653 100 default
R 624 128 624 80 0 0 40 5 0 0 0.5
w 624 176 576 176 0
w 576 176 576 208 0
370 576 240 576 288 1 0 0
R 512 128 512 80 0 0 40 1 0 0 0.5
w 624 176 704 176 0
r 704 224 704 304 0 1000
w 704 176 704 224 0
s 512 128 512 176 0 1 true
370 704 304 704 352 1 0 0
p 400 96 400 352 3 0 0
w 352 96 400 96 0
w 400 352 352 352 0
w 160 96 112 96 0
w 160 352 112 352 0
p 112 96 112 352 3 0 0
w 192 240 192 192 0
w 320 240 320 192 0
w 192 240 240 240 0
p 192 192 320 192 3 0 0
R 688 384 640 384 0 0 40 5 0 0 0.5
t 704 352 704 384 1 1 -4.265731767897197 0.7342682321028028 100 default
g 720 464 720 480 0 0
w 720 384 720 416 0
370 720 416 720 464 1 0 0
p 752 176 752 352 3 0 0
w 704 176 752 176 0
w 752 352 704 352 0
r 624 128 624 176 0 1000
r 512 176 512 224 0 1000
w 512 224 544 224 0
