$ 1 0.000005 10.20027730826997 50 5 43 5e-11
R 256 96 256 16 0 0 40 5 0 0 0.5
g 256 416 256 432 0 0
w 256 96 160 96 0
w 160 96 160 128 0
r 160 128 160 192 0 1000
w 160 192 160 256 0
t 128 272 160 272 0 1 -4.780335197046523 0.2196643051592873 100 default
w 256 96 352 96 0
w 352 96 352 128 0
r 352 128 352 160 0 1000
w 352 160 352 224 0
t 320 240 352 240 0 1 0.5648362945843686 0.6398195409147319 100 default
w 352 256 352 352 0
w 256 352 256 416 0
w 160 288 160 352 0
370 160 352 256 352 1 0 0
370 352 352 256 352 1 0 0
s 48 272 128 272 0 1 true
R -32 272 -112 272 0 0 40 1 0 0 0.5
r -32 272 48 272 0 1000
I 240 240 272 240 0 0.5 1
w 240 240 128 240 0
w 128 240 128 272 0
r 272 240 320 240 0 1000
