$ 1 0.000005 10.20027730826997 50 5 43 5e-11
180 -3088 -816 -2992 -816 0 0.1 10000000000 100000000
180 -3088 -752 -2992 -752 0 0.1 10000000000 100000000
180 -3088 -688 -2992 -688 0 0.1 10000000000 100000000
180 -3088 -624 -2992 -624 0 0.1 10000000000 100000000
b -3137 -854 -2979 -573 0
w -3120 -608 -3040 -608 0
w -3120 -608 -3120 -672 0
w -3120 -672 -3040 -672 0
w -3120 -672 -3120 -736 0
w -3120 -736 -3040 -736 0
w -3120 -736 -3120 -800 0
w -3120 -800 -3040 -800 0
207 -3088 -816 -3184 -816 4 A0
207 -3088 -752 -3184 -752 4 A1
207 -3088 -688 -3184 -688 4 A2
207 -3088 -624 -3184 -624 4 A3
207 -3120 -608 -3120 -512 4 S
207 -2992 -816 -2928 -816 4 Q0
207 -2992 -752 -2928 -752 4 Q1
207 -2992 -688 -2928 -688 4 Q2
207 -2992 -624 -2928 -624 4 Q3
